urb_mort = [146.4,182.1,172.6,168.7, 175.5, 165.4, 133.5];